Scaling 5
image 0
focal length  19
rms 5.7557
K
4184.39       0    2592
      0 4184.39    1728
      0       0       1
dist 
-0.103828
0.0438168
        0
        0
        0
external-0.0401762  -0.999184 0.00413573    394.763
 -0.963023   0.037618  -0.266779    254.849
  0.266406  -0.014701  -0.963749    312.185
         0          0          0          1
H:
[-0.02246507886243078, -0.4538905126856012, 2423.688044082738;
 0.5370250064027666, 0.1139670815206082, 418.4257037961839;
 -1.146146471872077e-06, 7.715404977463834e-05, 1]
image 1
focal length  18
rms 5.46422
K
4184.39       0    2592
      0 4184.39    1728
      0       0       1
dist 
-0.157564
0.0968012
        0
        0
        0
external-0.0217552  -0.999239  0.0323744    338.008
 -0.952725   0.010905  -0.303638    244.934
  0.303053 -0.0374496  -0.952237    398.156
         0          0          0          1
H:
[-0.02006293218631061, -0.5860903596108973, 2541.788258217681;
 0.6497427624317929, 0.1687953368167772, 324.9803301850059;
 -9.595073179575654e-06, 9.082600098439947e-05, 1]
image 2
focal length  18
rms 4.18824
K
4184.39       0    2592
      0 4184.39    1728
      0       0       1
dist 
-0.181503
 0.126486
        0
        0
        0
external-0.00643837   -0.999905   0.0121984     343.266
  -0.987978  0.00447638   -0.154529     247.135
    0.15446  -0.0130467   -0.987913     432.945
          0           0           0           1
H:
[-0.006765195712069192, -0.5909070040425034, 2378.670458400947;
 0.6289677233083338, 0.07962780655811962, 347.8299146724539;
 -3.176888956021226e-06, 4.228594285074678e-05, 1]
